5.000000000000000278e-02
5.000000000000000278e-02
5.000000000000000278e-02
5.000000000000000278e-02
5.000000000000000278e-02
4.209956781693246358e-02
5.000000000000000278e-02
5.000000000000000278e-02
5.000000000000000278e-02
1.120569872699966711e-02
4.855802781699855575e-02
5.000000000000000278e-02
8.777776770170362536e-03
5.000000000000000278e-02
1.884404018135898973e-02
5.000000000000000278e-02
1.120569872699966711e-02
5.000000000000000278e-02
5.000000000000000278e-02
4.209956781693246358e-02
5.000000000000000278e-02
5.000000000000000278e-02
5.000000000000000278e-02
5.000000000000000278e-02
5.000000000000000278e-02
5.000000000000000278e-02
4.209956781693246358e-02
3.289414787603128082e-02
5.000000000000000278e-02
5.000000000000000278e-02
5.000000000000000278e-02
1.884404018135898973e-02
5.000000000000000278e-02
5.000000000000000278e-02
5.000000000000000278e-02
5.000000000000000278e-02
3.735232908999889037e-03
5.000000000000000278e-02
5.000000000000000278e-02
5.000000000000000278e-02
2.412294447439832304e-02
5.000000000000000278e-02
5.000000000000000278e-02
4.900925363345118302e-02
5.000000000000000278e-02
5.000000000000000278e-02
5.000000000000000278e-02
5.000000000000000278e-02
1.120569872699966711e-02
5.000000000000000278e-02
5.000000000000000278e-02
5.000000000000000278e-02
5.000000000000000278e-02
2.278339460275059791e-02
4.855802781699855575e-02
5.000000000000000278e-02
5.000000000000000278e-02
1.884404018135898973e-02
5.000000000000000278e-02
5.000000000000000278e-02
4.209956781693246358e-02
4.855802781699855575e-02
7.025976917184163437e-03
5.000000000000000278e-02
4.209956781693246358e-02
4.209956781693246358e-02
5.000000000000000278e-02
4.209956781693246358e-02
4.209956781693246358e-02
3.289414787603128082e-02
8.777776770170362536e-03
5.000000000000000278e-02
2.412294447439832304e-02
5.000000000000000278e-02
5.000000000000000278e-02
5.000000000000000278e-02
5.000000000000000278e-02
4.900925363345118302e-02
4.855802781699855575e-02
4.209956781693246358e-02
4.855802781699855575e-02
5.000000000000000278e-02
1.884404018135898973e-02
4.209956781693246358e-02
4.900925363345118302e-02
5.000000000000000278e-02
2.412294447439832304e-02
4.209956781693246358e-02
5.000000000000000278e-02
4.209956781693246358e-02
5.000000000000000278e-02
5.000000000000000278e-02
5.000000000000000278e-02
4.209956781693246358e-02
5.000000000000000278e-02
3.289414787603128082e-02
4.900925363345118302e-02
5.000000000000000278e-02
5.000000000000000278e-02
5.000000000000000278e-02
7.025976917184163437e-03
1.012464831567961437e-02
5.000000000000000278e-02
5.000000000000000278e-02
5.000000000000000278e-02
5.000000000000000278e-02
5.000000000000000278e-02
5.000000000000000278e-02
5.000000000000000278e-02
5.000000000000000278e-02
4.855802781699855575e-02
5.000000000000000278e-02
5.000000000000000278e-02
5.000000000000000278e-02
5.000000000000000278e-02
3.289414787603128082e-02
5.000000000000000278e-02
5.000000000000000278e-02
4.855802781699855575e-02
3.289414787603128082e-02
5.000000000000000278e-02
7.025976917184163437e-03
5.000000000000000278e-02
5.000000000000000278e-02
5.000000000000000278e-02
5.000000000000000278e-02
5.000000000000000278e-02
5.000000000000000278e-02
7.025976917184163437e-03
4.209956781693246358e-02
5.000000000000000278e-02
5.120369782599377279e-03
5.000000000000000278e-02
5.000000000000000278e-02
5.000000000000000278e-02
5.000000000000000278e-02
5.000000000000000278e-02
8.777776770170362536e-03
5.000000000000000278e-02
4.209956781693246358e-02
5.000000000000000278e-02
5.000000000000000278e-02
1.120569872699966711e-02
2.516296007448837191e-02
5.000000000000000278e-02
1.492222050928961562e-02
5.000000000000000278e-02
5.000000000000000278e-02
5.000000000000000278e-02
5.000000000000000278e-02
5.000000000000000278e-02
5.000000000000000278e-02
5.000000000000000278e-02
4.855802781699855575e-02
5.000000000000000278e-02
5.000000000000000278e-02
1.884404018135898973e-02
5.000000000000000278e-02
8.777776770170362536e-03
7.025976917184163437e-03
2.516296007448837191e-02
5.000000000000000278e-02
5.000000000000000278e-02
5.000000000000000278e-02
3.289414787603128082e-02
3.735232908999889037e-03
4.855802781699855575e-02
5.000000000000000278e-02
5.000000000000000278e-02
5.000000000000000278e-02
5.000000000000000278e-02
5.000000000000000278e-02
5.000000000000000278e-02
1.120569872699966711e-02
5.000000000000000278e-02
2.412294447439832304e-02
5.000000000000000278e-02
5.000000000000000278e-02
5.000000000000000278e-02
4.900925363345118302e-02
5.000000000000000278e-02
5.000000000000000278e-02
5.000000000000000278e-02
5.000000000000000278e-02
5.000000000000000278e-02
8.777776770170362536e-03
4.209956781693246358e-02
2.516296007448837191e-02
5.000000000000000278e-02
2.523857578450895266e-03
2.278339460275059791e-02
5.000000000000000278e-02
5.000000000000000278e-02
2.412294447439832304e-02
5.000000000000000278e-02
4.209956781693246358e-02
5.000000000000000278e-02
4.209956781693246358e-02
5.000000000000000278e-02
5.000000000000000278e-02
3.289414787603128082e-02
5.000000000000000278e-02
5.000000000000000278e-02
5.000000000000000278e-02
5.000000000000000278e-02
5.000000000000000278e-02
5.000000000000000278e-02
5.000000000000000278e-02
5.000000000000000278e-02
5.000000000000000278e-02
5.000000000000000278e-02
5.000000000000000278e-02
5.000000000000000278e-02
5.000000000000000278e-02
5.000000000000000278e-02
1.120569872699966711e-02
1.120569872699966711e-02
5.000000000000000278e-02
5.000000000000000278e-02
3.289414787603128082e-02
5.000000000000000278e-02
5.000000000000000278e-02
3.289414787603128082e-02
4.900925363345118302e-02
4.855802781699855575e-02
5.000000000000000278e-02
8.777776770170362536e-03
5.000000000000000278e-02
5.000000000000000278e-02
4.209956781693246358e-02
5.000000000000000278e-02
5.000000000000000278e-02
5.000000000000000278e-02
5.000000000000000278e-02
5.000000000000000278e-02
5.000000000000000278e-02
5.000000000000000278e-02
5.000000000000000278e-02
4.855802781699855575e-02
4.209956781693246358e-02
5.000000000000000278e-02
1.884404018135898973e-02
4.209956781693246358e-02
3.289414787603128082e-02
5.000000000000000278e-02
5.000000000000000278e-02
5.000000000000000278e-02
5.000000000000000278e-02
5.000000000000000278e-02
5.000000000000000278e-02
5.000000000000000278e-02
8.777776770170362536e-03
5.000000000000000278e-02
1.120569872699966711e-02
3.289414787603128082e-02
5.000000000000000278e-02
5.000000000000000278e-02
5.000000000000000278e-02
5.000000000000000278e-02
1.884404018135898973e-02
5.000000000000000278e-02
4.209956781693246358e-02
5.000000000000000278e-02
5.000000000000000278e-02
5.000000000000000278e-02
4.855802781699855575e-02
5.000000000000000278e-02
4.209956781693246358e-02
5.000000000000000278e-02
5.000000000000000278e-02
5.000000000000000278e-02
5.000000000000000278e-02
5.000000000000000278e-02
5.000000000000000278e-02
5.000000000000000278e-02
5.000000000000000278e-02
5.000000000000000278e-02
5.000000000000000278e-02
5.000000000000000278e-02
4.855802781699855575e-02
5.000000000000000278e-02
5.000000000000000278e-02
5.000000000000000278e-02
5.000000000000000278e-02
5.000000000000000278e-02
5.000000000000000278e-02
1.120569872699966711e-02
5.000000000000000278e-02
2.516296007448837191e-02
5.000000000000000278e-02
1.884404018135898973e-02
4.900925363345118302e-02
3.289414787603128082e-02
5.000000000000000278e-02
5.000000000000000278e-02
5.000000000000000278e-02
1.492222050928961562e-02
5.000000000000000278e-02
5.000000000000000278e-02
5.000000000000000278e-02
5.000000000000000278e-02
5.000000000000000278e-02
5.000000000000000278e-02
5.000000000000000278e-02
2.278339460275059791e-02
4.855802781699855575e-02
5.000000000000000278e-02
4.209956781693246358e-02
4.855802781699855575e-02
5.000000000000000278e-02
5.000000000000000278e-02
1.884404018135898973e-02
5.000000000000000278e-02
5.000000000000000278e-02
5.000000000000000278e-02
5.000000000000000278e-02
5.000000000000000278e-02
5.000000000000000278e-02
5.000000000000000278e-02
5.000000000000000278e-02
1.217098363606705300e-03
5.000000000000000278e-02
3.493876451023384365e-03
5.000000000000000278e-02
5.000000000000000278e-02
5.000000000000000278e-02
5.000000000000000278e-02
5.000000000000000278e-02
5.000000000000000278e-02
2.278339460275059791e-02
1.884404018135898973e-02
2.516296007448837191e-02
5.000000000000000278e-02
5.000000000000000278e-02
5.000000000000000278e-02
5.000000000000000278e-02
5.000000000000000278e-02
5.000000000000000278e-02
5.000000000000000278e-02
3.735232908999889037e-03
5.000000000000000278e-02
5.000000000000000278e-02
5.000000000000000278e-02
5.000000000000000278e-02
5.000000000000000278e-02
3.493876451023384365e-03
4.209956781693246358e-02
5.000000000000000278e-02
4.209956781693246358e-02
5.000000000000000278e-02
5.000000000000000278e-02
5.000000000000000278e-02
5.000000000000000278e-02
5.000000000000000278e-02
5.000000000000000278e-02
5.000000000000000278e-02
5.000000000000000278e-02
5.000000000000000278e-02
1.884404018135898973e-02
1.884404018135898973e-02
4.209956781693246358e-02
4.209956781693246358e-02
4.209956781693246358e-02
5.000000000000000278e-02
4.855802781699855575e-02
5.000000000000000278e-02
5.000000000000000278e-02
5.000000000000000278e-02
1.120569872699966711e-02
5.000000000000000278e-02
2.278339460275059791e-02
5.000000000000000278e-02
5.000000000000000278e-02
5.000000000000000278e-02
5.000000000000000278e-02
1.492222050928961562e-02
5.000000000000000278e-02
5.000000000000000278e-02
5.000000000000000278e-02
4.855802781699855575e-02
2.278339460275059791e-02
4.209956781693246358e-02
5.000000000000000278e-02
2.523857578450895266e-03
8.777776770170362536e-03
2.516296007448837191e-02
5.000000000000000278e-02
4.855802781699855575e-02
5.000000000000000278e-02
3.735232908999889037e-03
8.777776770170362536e-03
5.000000000000000278e-02
5.000000000000000278e-02
5.000000000000000278e-02
5.000000000000000278e-02
4.209956781693246358e-02
5.000000000000000278e-02
2.278339460275059791e-02
5.000000000000000278e-02
5.000000000000000278e-02
5.000000000000000278e-02
5.000000000000000278e-02
5.000000000000000278e-02
5.000000000000000278e-02
4.209956781693246358e-02
5.000000000000000278e-02
5.000000000000000278e-02
5.000000000000000278e-02
5.000000000000000278e-02
5.000000000000000278e-02
5.000000000000000278e-02
5.000000000000000278e-02
5.000000000000000278e-02
5.000000000000000278e-02
5.000000000000000278e-02
4.855802781699855575e-02
5.000000000000000278e-02
5.000000000000000278e-02
1.492222050928961562e-02
5.000000000000000278e-02
5.000000000000000278e-02
4.855802781699855575e-02
5.000000000000000278e-02
5.000000000000000278e-02
5.000000000000000278e-02
5.000000000000000278e-02
5.000000000000000278e-02
5.000000000000000278e-02
4.209956781693246358e-02
5.000000000000000278e-02
5.000000000000000278e-02
5.000000000000000278e-02
5.000000000000000278e-02
5.000000000000000278e-02
7.025976917184163437e-03
5.000000000000000278e-02
5.000000000000000278e-02
5.000000000000000278e-02
5.000000000000000278e-02
5.000000000000000278e-02
5.000000000000000278e-02
5.000000000000000278e-02
5.000000000000000278e-02
5.000000000000000278e-02
5.000000000000000278e-02
4.855802781699855575e-02
5.000000000000000278e-02
2.278339460275059791e-02
5.000000000000000278e-02
5.000000000000000278e-02
5.000000000000000278e-02
4.209956781693246358e-02
5.000000000000000278e-02
4.209956781693246358e-02
5.000000000000000278e-02
5.000000000000000278e-02
5.000000000000000278e-02
1.884404018135898973e-02
5.000000000000000278e-02
5.000000000000000278e-02
5.000000000000000278e-02
2.516296007448837191e-02
5.000000000000000278e-02
4.209956781693246358e-02
4.855802781699855575e-02
1.884404018135898973e-02
5.000000000000000278e-02
5.000000000000000278e-02
5.000000000000000278e-02
5.000000000000000278e-02
5.000000000000000278e-02
5.000000000000000278e-02
5.000000000000000278e-02
4.900925363345118302e-02
5.000000000000000278e-02
5.000000000000000278e-02
5.000000000000000278e-02
5.000000000000000278e-02
4.209956781693246358e-02
2.516296007448837191e-02
5.000000000000000278e-02
1.492222050928961562e-02
5.000000000000000278e-02
5.000000000000000278e-02
5.000000000000000278e-02
5.000000000000000278e-02
5.000000000000000278e-02
5.000000000000000278e-02
5.000000000000000278e-02
4.209956781693246358e-02
5.000000000000000278e-02
5.000000000000000278e-02
1.884404018135898973e-02
2.516296007448837191e-02
5.000000000000000278e-02
1.492222050928961562e-02
5.000000000000000278e-02
5.000000000000000278e-02
4.209956781693246358e-02
5.000000000000000278e-02
5.000000000000000278e-02
2.278339460275059791e-02
1.120569872699966711e-02
5.000000000000000278e-02
5.000000000000000278e-02
2.516296007448837191e-02
5.000000000000000278e-02
5.000000000000000278e-02
5.000000000000000278e-02
3.289414787603128082e-02
5.000000000000000278e-02
5.000000000000000278e-02
1.884404018135898973e-02
4.900925363345118302e-02
5.000000000000000278e-02
4.209956781693246358e-02
7.025976917184163437e-03
5.000000000000000278e-02
2.516296007448837191e-02
4.209956781693246358e-02
5.000000000000000278e-02
5.000000000000000278e-02
5.000000000000000278e-02
5.000000000000000278e-02
5.000000000000000278e-02
1.884404018135898973e-02
5.000000000000000278e-02
5.000000000000000278e-02
4.209956781693246358e-02
5.000000000000000278e-02
5.000000000000000278e-02
4.855802781699855575e-02
2.516296007448837191e-02
5.000000000000000278e-02
5.000000000000000278e-02
5.000000000000000278e-02
5.000000000000000278e-02
5.000000000000000278e-02
4.900925363345118302e-02
5.000000000000000278e-02
5.000000000000000278e-02
5.000000000000000278e-02
5.000000000000000278e-02
5.000000000000000278e-02
4.209956781693246358e-02
5.000000000000000278e-02
1.012464831567961437e-02
5.000000000000000278e-02
5.000000000000000278e-02
5.000000000000000278e-02
4.209956781693246358e-02
4.209956781693246358e-02
7.025976917184163437e-03
5.000000000000000278e-02
5.000000000000000278e-02
5.000000000000000278e-02
5.000000000000000278e-02
5.000000000000000278e-02
1.012464831567961437e-02
5.000000000000000278e-02
1.884404018135898973e-02
5.000000000000000278e-02
5.000000000000000278e-02
1.492222050928961562e-02
5.000000000000000278e-02
5.000000000000000278e-02
5.000000000000000278e-02
2.278339460275059791e-02
5.000000000000000278e-02
5.000000000000000278e-02
5.000000000000000278e-02
3.289414787603128082e-02
2.523857578450895266e-03
2.523857578450895266e-03
5.000000000000000278e-02
4.855802781699855575e-02
5.000000000000000278e-02
5.000000000000000278e-02
4.855802781699855575e-02
5.000000000000000278e-02
5.000000000000000278e-02
1.120569872699966711e-02
2.928141715341700795e-04
5.000000000000000278e-02
5.000000000000000278e-02
5.000000000000000278e-02
5.000000000000000278e-02
5.000000000000000278e-02
1.120569872699966711e-02
5.000000000000000278e-02
4.209956781693246358e-02
5.000000000000000278e-02
5.000000000000000278e-02
5.000000000000000278e-02
3.289414787603128082e-02
5.000000000000000278e-02
5.000000000000000278e-02
9.119985911943823131e-03
5.000000000000000278e-02
5.000000000000000278e-02
2.412294447439832304e-02
5.000000000000000278e-02
5.000000000000000278e-02
5.000000000000000278e-02
5.000000000000000278e-02
5.000000000000000278e-02
5.000000000000000278e-02
5.000000000000000278e-02
5.000000000000000278e-02
2.412294447439832304e-02
1.120569872699966711e-02
1.884404018135898973e-02
5.000000000000000278e-02
8.777776770170362536e-03
5.000000000000000278e-02
4.855802781699855575e-02
1.120569872699966711e-02
4.900925363345118302e-02
4.209956781693246358e-02
3.289414787603128082e-02
5.000000000000000278e-02
5.000000000000000278e-02
5.000000000000000278e-02
5.000000000000000278e-02
5.000000000000000278e-02
4.855802781699855575e-02
5.000000000000000278e-02
4.209956781693246358e-02
5.000000000000000278e-02
5.000000000000000278e-02
4.855802781699855575e-02
5.000000000000000278e-02
5.000000000000000278e-02
5.000000000000000278e-02
5.000000000000000278e-02
5.000000000000000278e-02
5.000000000000000278e-02
5.000000000000000278e-02
5.000000000000000278e-02
7.025976917184163437e-03
3.289414787603128082e-02
5.000000000000000278e-02
1.012464831567961437e-02
1.120569872699966711e-02
4.209956781693246358e-02
1.884404018135898973e-02
5.000000000000000278e-02
5.000000000000000278e-02
4.855802781699855575e-02
5.000000000000000278e-02
5.000000000000000278e-02
5.000000000000000278e-02
5.000000000000000278e-02
4.209956781693246358e-02
5.000000000000000278e-02
1.884404018135898973e-02
5.000000000000000278e-02
4.209956781693246358e-02
4.855802781699855575e-02
2.516296007448837191e-02
5.000000000000000278e-02
3.289414787603128082e-02
5.000000000000000278e-02
5.000000000000000278e-02
5.000000000000000278e-02
1.492222050928961562e-02
4.209956781693246358e-02
5.000000000000000278e-02
5.000000000000000278e-02
5.000000000000000278e-02
1.884404018135898973e-02
1.492222050928961562e-02
4.855802781699855575e-02
3.735232908999889037e-03
4.855802781699855575e-02
5.000000000000000278e-02
5.000000000000000278e-02
5.000000000000000278e-02
5.000000000000000278e-02
5.000000000000000278e-02
1.884404018135898973e-02
3.289414787603128082e-02
4.209956781693246358e-02
5.000000000000000278e-02
5.000000000000000278e-02
5.000000000000000278e-02
5.000000000000000278e-02
1.884404018135898973e-02
4.209956781693246358e-02
5.000000000000000278e-02
1.120569872699966711e-02
5.000000000000000278e-02
1.884404018135898973e-02
8.777776770170362536e-03
5.000000000000000278e-02
4.209956781693246358e-02
5.000000000000000278e-02
5.000000000000000278e-02
5.000000000000000278e-02
4.209956781693246358e-02
5.000000000000000278e-02
2.516296007448837191e-02
5.000000000000000278e-02
5.000000000000000278e-02
5.000000000000000278e-02
2.516296007448837191e-02
2.516296007448837191e-02
5.000000000000000278e-02
3.289414787603128082e-02
5.000000000000000278e-02
5.000000000000000278e-02
5.000000000000000278e-02
5.000000000000000278e-02
4.855802781699855575e-02
4.855802781699855575e-02
5.000000000000000278e-02
3.289414787603128082e-02
5.000000000000000278e-02
5.000000000000000278e-02
5.000000000000000278e-02
5.000000000000000278e-02
5.000000000000000278e-02
5.000000000000000278e-02
1.492222050928961562e-02
1.120569872699966711e-02
5.000000000000000278e-02
4.209956781693246358e-02
5.000000000000000278e-02
4.900925363345118302e-02
1.884404018135898973e-02
5.000000000000000278e-02
5.000000000000000278e-02
8.777776770170362536e-03
5.000000000000000278e-02
5.000000000000000278e-02
1.217098363606705300e-03
4.855802781699855575e-02
5.000000000000000278e-02
5.000000000000000278e-02
2.516296007448837191e-02
3.735232908999889037e-03
5.000000000000000278e-02
5.000000000000000278e-02
5.000000000000000278e-02
5.000000000000000278e-02
7.025976917184163437e-03
5.000000000000000278e-02
5.000000000000000278e-02
5.000000000000000278e-02
3.289414787603128082e-02
5.000000000000000278e-02
7.025976917184163437e-03
5.000000000000000278e-02
5.000000000000000278e-02
5.000000000000000278e-02
5.000000000000000278e-02
2.516296007448837191e-02
3.289414787603128082e-02
5.000000000000000278e-02
1.120569872699966711e-02
5.000000000000000278e-02
5.000000000000000278e-02
5.000000000000000278e-02
5.000000000000000278e-02
5.000000000000000278e-02
5.000000000000000278e-02
2.516296007448837191e-02
5.000000000000000278e-02
5.000000000000000278e-02
4.209956781693246358e-02
5.000000000000000278e-02
5.000000000000000278e-02
4.855802781699855575e-02
5.000000000000000278e-02
5.000000000000000278e-02
5.000000000000000278e-02
2.278339460275059791e-02
2.412294447439832304e-02
5.000000000000000278e-02
4.209956781693246358e-02
7.025976917184163437e-03
4.209956781693246358e-02
5.000000000000000278e-02
1.884404018135898973e-02
5.000000000000000278e-02
5.000000000000000278e-02
4.855802781699855575e-02
5.000000000000000278e-02
5.000000000000000278e-02
1.884404018135898973e-02
5.000000000000000278e-02
5.000000000000000278e-02
5.000000000000000278e-02
4.855802781699855575e-02
4.855802781699855575e-02
5.000000000000000278e-02
1.884404018135898973e-02
5.000000000000000278e-02
1.884404018135898973e-02
1.884404018135898973e-02
8.777776770170362536e-03
5.000000000000000278e-02
5.000000000000000278e-02
5.000000000000000278e-02
2.523857578450895266e-03
1.884404018135898973e-02
5.000000000000000278e-02
5.000000000000000278e-02
5.000000000000000278e-02
5.000000000000000278e-02
4.209956781693246358e-02
5.000000000000000278e-02
5.000000000000000278e-02
5.000000000000000278e-02
5.000000000000000278e-02
1.120569872699966711e-02
5.120369782599377279e-03
5.000000000000000278e-02
2.278339460275059791e-02
5.000000000000000278e-02
5.000000000000000278e-02
5.000000000000000278e-02
1.884404018135898973e-02
4.209956781693246358e-02
5.000000000000000278e-02
5.000000000000000278e-02
4.209956781693246358e-02
5.000000000000000278e-02
1.492222050928961562e-02
4.209956781693246358e-02
5.000000000000000278e-02
5.000000000000000278e-02
5.000000000000000278e-02
5.000000000000000278e-02
5.000000000000000278e-02
2.278339460275059791e-02
5.000000000000000278e-02
5.000000000000000278e-02
5.000000000000000278e-02
5.000000000000000278e-02
4.209956781693246358e-02
5.000000000000000278e-02
2.516296007448837191e-02
5.000000000000000278e-02
5.000000000000000278e-02
5.000000000000000278e-02
5.000000000000000278e-02
5.000000000000000278e-02
5.120369782599377279e-03
5.000000000000000278e-02
5.000000000000000278e-02
5.000000000000000278e-02
4.209956781693246358e-02
4.900925363345118302e-02
5.000000000000000278e-02
5.000000000000000278e-02
2.516296007448837191e-02
5.000000000000000278e-02
5.000000000000000278e-02
5.000000000000000278e-02
4.209956781693246358e-02
5.000000000000000278e-02
2.516296007448837191e-02
5.000000000000000278e-02
5.000000000000000278e-02
4.209956781693246358e-02
4.855802781699855575e-02
3.735232908999889037e-03
4.209956781693246358e-02
5.000000000000000278e-02
5.000000000000000278e-02
4.209956781693246358e-02
3.735232908999889037e-03
5.000000000000000278e-02
4.209956781693246358e-02
5.000000000000000278e-02
5.000000000000000278e-02
5.000000000000000278e-02
4.855802781699855575e-02
5.000000000000000278e-02
5.000000000000000278e-02
5.000000000000000278e-02
1.012464831567961437e-02
5.000000000000000278e-02
5.000000000000000278e-02
5.000000000000000278e-02
5.000000000000000278e-02
2.516296007448837191e-02
5.000000000000000278e-02
5.000000000000000278e-02
5.000000000000000278e-02
5.000000000000000278e-02
5.000000000000000278e-02
2.278339460275059791e-02
4.855802781699855575e-02
2.523857578450895266e-03
5.000000000000000278e-02
5.000000000000000278e-02
4.855802781699855575e-02
5.000000000000000278e-02
5.000000000000000278e-02
5.000000000000000278e-02
5.000000000000000278e-02
5.000000000000000278e-02
5.000000000000000278e-02
5.000000000000000278e-02
1.492222050928961562e-02
3.493876451023384365e-03
5.000000000000000278e-02
3.735232908999889037e-03
4.855802781699855575e-02
1.884404018135898973e-02
4.209956781693246358e-02
5.000000000000000278e-02
4.209956781693246358e-02
4.209956781693246358e-02
5.000000000000000278e-02
5.000000000000000278e-02
5.000000000000000278e-02
1.120569872699966711e-02
5.000000000000000278e-02
1.884404018135898973e-02
5.000000000000000278e-02
5.000000000000000278e-02
5.000000000000000278e-02
5.000000000000000278e-02
5.000000000000000278e-02
5.000000000000000278e-02
5.000000000000000278e-02
4.855802781699855575e-02
8.777776770170362536e-03
4.209956781693246358e-02
5.000000000000000278e-02
1.884404018135898973e-02
5.000000000000000278e-02
5.000000000000000278e-02
2.412294447439832304e-02
5.000000000000000278e-02
3.289414787603128082e-02
5.000000000000000278e-02
3.735232908999889037e-03
5.000000000000000278e-02
5.000000000000000278e-02
5.000000000000000278e-02
5.000000000000000278e-02
5.000000000000000278e-02
3.289414787603128082e-02
4.855802781699855575e-02
4.209956781693246358e-02
5.000000000000000278e-02
4.900925363345118302e-02
5.000000000000000278e-02
4.855802781699855575e-02
5.000000000000000278e-02
5.000000000000000278e-02
5.000000000000000278e-02
4.855802781699855575e-02
5.000000000000000278e-02
5.000000000000000278e-02
5.000000000000000278e-02
5.000000000000000278e-02
5.000000000000000278e-02
5.120369782599377279e-03
5.000000000000000278e-02
4.209956781693246358e-02
5.000000000000000278e-02
5.000000000000000278e-02
5.000000000000000278e-02
3.289414787603128082e-02
5.000000000000000278e-02
5.000000000000000278e-02
5.000000000000000278e-02
3.289414787603128082e-02
5.000000000000000278e-02
4.209956781693246358e-02
5.000000000000000278e-02
5.000000000000000278e-02
5.000000000000000278e-02
3.289414787603128082e-02
5.000000000000000278e-02
5.000000000000000278e-02
7.025976917184163437e-03
4.209956781693246358e-02
5.000000000000000278e-02
5.000000000000000278e-02
8.777776770170362536e-03
5.000000000000000278e-02
4.855802781699855575e-02
5.000000000000000278e-02
5.000000000000000278e-02
5.000000000000000278e-02
5.000000000000000278e-02
3.735232908999889037e-03
5.000000000000000278e-02
4.209956781693246358e-02
5.000000000000000278e-02
5.000000000000000278e-02
5.000000000000000278e-02
5.000000000000000278e-02
5.000000000000000278e-02
